[2mCode: 5qc X 5qc X 5qc
[0m[2mChannel: Photon Loss channel
[0m[2mNoise rates: [[ 1.   0.5]]
[0m[2mSamples: [ 0.]
[0m[2mImportance: 0
[0m[2mDecoder: 0
[0m[2mConcatenation levels: 3
[0m[2mDecoding trials per level: 1000
[0m[2mMetrics to be computed at every level: fidelity
[0m[2m---------------------------
[0m[2mCalculating...
[0mCore 1:
    Noise rate: [ 1.   0.5]
    sample = 0
    Runtime: 1.8581 seconds.
[92m 	Metrics[0m
[92m 	xxxxxxxxxxxxxxx[0m
[92m	Level     [0m[92m fidelity            [0m
	[92m0         [0m[92m 0.363006            [0m
	[92m1         [0m[92m 0.5733              [0m
	[92m2         [0m[92m 0.595205            [0m
	[92m3         [0m[92m 0.733887            [0m
[92m xxxxxxxxxxxxxxx
[0m[92mAverage logical channels[0m
	[92mLevel 0
[[ 1.0  0.0  0.0  0.32192026]
 [ 0.0  0.80474549  0.0  0.0]
 [ 0.0  0.0  0.46924323  0.0]
 [-0.32192026  0.0  0.0  0.27398872]]
	--------[0m
	[92mLevel 1
[[ 1.0  0.0  0.0 -0.00086433387]
 [ 0.0  0.49348854  0.0  0.0]
 [ 0.0  0.0  0.4613003  0.0]
 [ 0.0034573355  0.0  0.0 -0.24798703]]
	--------[0m
	[92mLevel 2
[[ 1.0  0.0  0.0  2.1801818e-15]
 [ 0.0  0.25064605  0.0  0.0]
 [ 0.0  0.0  0.19795423  0.0]
 [-4.8874744e-13  0.0  0.0  0.17058087]]
	--------[0m
	[92mLevel 3
[[ 1.0  0.0  0.0 -1.4247438e-21]
 [ 0.0  0.033110608  0.0  0.0]
 [ 0.0  0.0  0.011159918  0.0]
 [ 4.8806625e-24  0.0  0.0  0.020183432]]
	--------[0m
[92m*******************[0m
[92m************** Finished batch **************[0m
[92m************** Finished all batches **************[0m
[2mCode: 5qc X 5qc X 5qc
[0m[2mChannel: Photon Loss channel
[0m[2mNoise rates: [[ 1.  1.]]
[0m[2mSamples: [ 0.]
[0m[2mImportance: 0
[0m[2mDecoder: 0
[0m[2mConcatenation levels: 3
[0m[2mDecoding trials per level: 1000
[0m[2mMetrics to be computed at every level: fidelity
[0m[2m---------------------------
[0m[2mCalculating...
[0mCore 1:
    Noise rate: [ 1.  1.]
    sample = 0
    Runtime: 1.61779 seconds.
[92m 	Metrics[0m
[92m 	xxxxxxxxxxxxxxx[0m
[92m	Level     [0m[92m fidelity            [0m
	[92m0         [0m[92m 0.451255            [0m
	[92m1         [0m[92m 0.512222            [0m
	[92m2         [0m[92m 0.416689            [0m
	[92m3         [0m[92m 0.643848            [0m
[92m xxxxxxxxxxxxxxx
[0m[92mAverage logical channels[0m
	[92mLevel 0
[[ 1.0  0.0  0.0  0.11994448]
 [ 0.0  0.98376728  0.0  0.0]
 [ 0.0  0.0  0.1137235  0.0]
 [-0.11994448  0.0  0.0  0.097490777]]
	--------[0m
	[92mLevel 1
[[ 1.0  0.0  0.0  9.3096344e-06]
 [ 0.0  0.92142898  0.0  0.0]
 [ 0.0  0.0  0.20504288  0.0]
 [ 2.4825692e-05  0.0  0.0 -0.17536146]]
	--------[0m
	[92mLevel 2
[[ 1.0  0.0  0.0 -1.4171862e-21]
 [ 0.0  0.66453846  0.0  0.0]
 [ 0.0  0.0  0.36107237  0.0]
 [-3.0470824e-23  0.0  0.0  0.30763359]]
	--------[0m
	[92mLevel 3
[[ 1.0  0.0  0.0 -9.4730177e-22]
 [ 0.0  0.11165265  0.0  0.0]
 [ 0.0  0.0  0.082833625  0.0]
 [ 1.4423575e-23  0.0  0.0  0.23012339]]
	--------[0m
[92m*******************[0m
[92m************** Finished batch **************[0m
[92m************** Finished all batches **************[0m
[2mCode: 5qc X 5qc X 5qc
[0m[2mChannel: Photon Loss channel
[0m[2mNoise rates: [[ 1.   1.5]]
[0m[2mSamples: [ 0.]
[0m[2mImportance: 0
[0m[2mDecoder: 0
[0m[2mConcatenation levels: 3
[0m[2mDecoding trials per level: 1000
[0m[2mMetrics to be computed at every level: fidelity
[0m[2m---------------------------
[0m[2mCalculating...
[0mCore 1:
    Noise rate: [ 1.   1.5]
    sample = 0
    Runtime: 1.61486 seconds.
[92m 	Metrics[0m
[92m 	xxxxxxxxxxxxxxx[0m
[92m	Level     [0m[92m fidelity            [0m
	[92m0         [0m[92m 0.496166            [0m
	[92m1         [0m[92m 0.500096            [0m
	[92m2         [0m[92m 0.485139            [0m
	[92m3         [0m[92m 0.503524            [0m
[92m xxxxxxxxxxxxxxx
[0m[92mAverage logical channels[0m
	[92mLevel 0
[[ 1.0  0.0  0.0  0.011022445]
 [ 0.0  0.99987755  0.0  0.0]
 [ 0.0  0.0  0.0077911568  0.0]
 [-0.011022445  0.0  0.0  0.0076687085]]
	--------[0m
	[92mLevel 1
[[ 1.0  0.0  0.0  6.1012791e-11]
 [ 0.0  0.99938791  0.0  0.0]
 [ 0.0  0.0  0.014604269  0.0]
 [ 1.6270078e-10  0.0  0.0 -0.014374726]]
	--------[0m
	[92mLevel 2
[[ 1.0  0.0  0.0 -1.4201486e-21]
 [ 0.0  0.99694315  0.0  0.0]
 [ 0.0  0.0  0.031497357  0.0]
 [ 0.0  0.0  0.0  0.0310022]]
	--------[0m
	[92mLevel 3
[[ 1.0  0.0  0.0 -1.5749163e-21]
 [ 0.0  0.98481276  0.0  0.0]
 [ 0.0  0.0  0.069439039  0.0]
 [ 0.0  0.0  0.0 -0.068346341]]
	--------[0m
[92m*******************[0m
[92m************** Finished batch **************[0m
[92m************** Finished all batches **************[0m
[2mCode: 5qc X 5qc X 5qc
[0m[2mChannel: Photon Loss channel
[0m[2mNoise rates: [[ 1.  2.]]
[0m[2mSamples: [ 0.]
[0m[2mImportance: 0
[0m[2mDecoder: 0
[0m[2mConcatenation levels: 3
[0m[2mDecoding trials per level: 1000
[0m[2mMetrics to be computed at every level: fidelity
[0m[2m---------------------------
[0m[2mCalculating...
[0mCore 1:
    Noise rate: [ 1.  2.]
    sample = 0
    Runtime: 1.61892 seconds.
[92m 	Metrics[0m
[92m 	xxxxxxxxxxxxxxx[0m
[92m	Level     [0m[92m fidelity            [0m
	[92m0         [0m[92m 0.499911            [0m
	[92m1         [0m[92m 0.5                 [0m
	[92m2         [0m[92m 0.49964             [0m
	[92m3         [0m[92m 0.500003            [0m
[92m xxxxxxxxxxxxxxx
[0m[92mAverage logical channels[0m
	[92mLevel 0
[[ 1.0  0.0  0.0  0.00033540272]
 [ 0.0  0.99999989  0.0  0.0]
 [ 0.0  0.0  0.00017857937  0.0]
 [-0.00033540272  0.0  0.0  0.00017846686]]
	--------[0m
	[92mLevel 1
[[ 1.0  0.0  0.0  1.5881866e-18]
 [ 0.0  0.99999944  0.0  0.0]
 [ 0.0  0.0  0.00033483624  0.0]
 [ 4.2283885e-18  0.0  0.0 -0.00033462527]]
	--------[0m
	[92mLevel 2
[[ 1.0  0.0  0.0 -1.8631336e-21]
 [ 0.0  0.99999719  0.0  0.0]
 [ 0.0  0.0  0.00072171402  0.0]
 [ 0.0  0.0  0.0  0.0007212593]]
	--------[0m
	[92mLevel 3
[[ 1.0  0.0  0.0 -1.6542555e-21]
 [ 0.0  0.99998594  0.0  0.0]
 [ 0.0  0.0  0.0015897678  0.0]
 [ 0.0  0.0  0.0 -0.0015887661]]
	--------[0m
[92m*******************[0m
[92m************** Finished batch **************[0m
[92m************** Finished all batches **************[0m
[2mCode: 5qc X 5qc X 5qc
[0m[2mChannel: Photon Loss channel
[0m[2mNoise rates: [[ 1.   2.5]]
[0m[2mSamples: [ 0.]
[0m[2mImportance: 0
[0m[2mDecoder: 0
[0m[2mConcatenation levels: 3
[0m[2mDecoding trials per level: 1000
[0m[2mMetrics to be computed at every level: fidelity
[0m[2m---------------------------
[0m[2mCalculating...
[0mCore 1:
    Noise rate: [ 1.   2.5]
    sample = 0
    Runtime: 0.47238 seconds.
[92m 	Metrics[0m
[92m 	xxxxxxxxxxxxxxx[0m
[92m	Level     [0m[92m fidelity            [0m
	[92m0         [0m[92m 0.499999            [0m
	[92m1         [0m[92m 0.5                 [0m
	[92m2         [0m[92m 0.499997            [0m
	[92m3         [0m[92m 0.5                 [0m
[92m xxxxxxxxxxxxxxx
[0m[92mAverage logical channels[0m
	[92mLevel 0
[[ 1.0  0.0  0.0  3.726648e-06]
 [ 0.0  1.0  0.0  0.0]
 [ 0.0  0.0  1.3915104e-06  0.0]
 [-3.726648e-06  0.0  0.0  1.3914965e-06]]
	--------[0m
	[92mLevel 1
[[ 1.0  0.0  0.0 -1.1858461e-20]
 [ 0.0  1.0  0.0  0.0]
 [ 0.0  0.0  2.609082e-06  0.0]
 [ 0.0  0.0  0.0 -2.609056e-06]]
	--------[0m
	[92mLevel 2
[[ 1.0  0.0  0.0 -5.2014599e-21]
 [ 0.0  1.0  0.0  0.0]
 [ 0.0  0.0  5.5756083e-06  0.0]
 [ 0.0  0.0  0.0  5.5755527e-06]]
	--------[0m
	[92mLevel 3
[[ 1.0  0.0  0.0 -1.9829041e-21]
 [ 0.0  1.0  0.0  0.0]
 [ 0.0  0.0  1.2316781e-05  0.0]
 [ 0.0  0.0  0.0 -1.2316658e-05]]
	--------[0m
[92m*******************[0m
[92m************** Finished batch **************[0m
[92m************** Finished all batches **************[0m
[2mCode: 5qc X 5qc X 5qc
[0m[2mChannel: Photon Loss channel
[0m[2mNoise rates: [[ 1.  3.]]
[0m[2mSamples: [ 0.]
[0m[2mImportance: 0
[0m[2mDecoder: 0
[0m[2mConcatenation levels: 3
[0m[2mDecoding trials per level: 1000
[0m[2mMetrics to be computed at every level: fidelity
[0m[2m---------------------------
[0m[2mCalculating...
[0mCore 1:
    Noise rate: [ 1.  3.]
    sample = 0
    Runtime: 0.47726 seconds.
[92m 	Metrics[0m
[92m 	xxxxxxxxxxxxxxx[0m
[92m	Level     [0m[92m fidelity            [0m
	[92m0         [0m[92m 0.5                 [0m
	[92m1         [0m[92m 0.5                 [0m
	[92m2         [0m[92m 0.5                 [0m
	[92m3         [0m[92m 0.5                 [0m
[92m xxxxxxxxxxxxxxx
[0m[92mAverage logical channels[0m
	[92mLevel 0
[[ 1.0  0.0  0.0  1.522998e-08]
 [ 0.0  1.0  0.0  0.0]
 [ 0.0  0.0  3.686553e-09  0.0]
 [-1.522998e-08  0.0  0.0  3.6865528e-09]]
	--------[0m
	[92mLevel 1
[[ 1.0  0.0  0.0  4.2351647e-21]
 [ 0.0  1.0  0.0  0.0]
 [ 0.0  0.0  6.9122869e-09  0.0]
 [ 0.0  0.0  0.0 -6.9122865e-09]]
	--------[0m
	[92mLevel 2
[[ 1.0  0.0  0.0 -2.1172436e-21]
 [ 0.0  1.0  0.0  0.0]
 [ 0.0  0.0  1.4771557e-08  0.0]
 [ 0.0  0.0  0.0  1.4771556e-08]]
	--------[0m
	[92mLevel 3
[[ 1.0  0.0  0.0 -4.3630667e-21]
 [ 0.0  1.0  0.0  0.0]
 [ 0.0  0.0  3.2631063e-08  0.0]
 [ 0.0  0.0  0.0 -3.2631061e-08]]
	--------[0m
[92m*******************[0m
[92m************** Finished batch **************[0m
[92m************** Finished all batches **************[0m
[2mCode: 5qc X 5qc X 5qc
[0m[2mChannel: Photon Loss channel
[0m[2mNoise rates: [[ 2.   0.5]]
[0m[2mSamples: [ 0.]
[0m[2mImportance: 0
[0m[2mDecoder: 0
[0m[2mConcatenation levels: 3
[0m[2mDecoding trials per level: 1000
[0m[2mMetrics to be computed at every level: fidelity
[0m[2m---------------------------
[0m[2mCalculating...
[0mCore 1:
    Noise rate: [ 2.   0.5]
    sample = 0
    Runtime: 1.84617 seconds.
[92m 	Metrics[0m
[92m 	xxxxxxxxxxxxxxx[0m
[92m	Level     [0m[92m fidelity            [0m
	[92m0         [0m[92m 0.235093            [0m
	[92m1         [0m[92m 0.52599             [0m
	[92m2         [0m[92m 0.259172            [0m
	[92m3         [0m[92m 0.557627            [0m
[92m xxxxxxxxxxxxxxx
[0m[92mAverage logical channels[0m
	[92mLevel 0
[[ 1.0  0.0  0.0  0.20848516]
 [ 0.0  0.87354736  0.0  0.0]
 [ 0.0  0.0  0.65626608  0.0]
 [-0.20848516  0.0  0.0  0.52981344]]
	--------[0m
	[92mLevel 1
[[ 1.0  0.0  0.0 -9.8472683e-05]
 [ 0.0  0.73621409  0.0  0.0]
 [ 0.0  0.0  0.72232883  0.0]
 [ 0.00039389073  0.0  0.0 -0.56250426]]
	--------[0m
	[92mLevel 2
[[ 1.0  0.0  0.0 -3.6814357e-20]
 [ 0.0  0.69686823  0.0  0.0]
 [ 0.0  0.0  0.63623935  0.0]
 [-9.6102971e-18  0.0  0.0  0.63020289]]
	--------[0m
	[92mLevel 3
[[ 1.0  0.0  0.0 -1.8644267e-21]
 [ 0.0  0.45457951  0.0  0.0]
 [ 0.0  0.0  0.055884184  0.0]
 [ 2.6437336e-23  0.0  0.0  0.2590273]]
	--------[0m
[92m*******************[0m
[92m************** Finished batch **************[0m
[92m************** Finished all batches **************[0m
[2mCode: 5qc X 5qc X 5qc
[0m[2mChannel: Photon Loss channel
[0m[2mNoise rates: [[ 2.  1.]]
[0m[2mSamples: [ 0.]
[0m[2mImportance: 0
[0m[2mDecoder: 0
[0m[2mConcatenation levels: 3
[0m[2mDecoding trials per level: 1000
[0m[2mMetrics to be computed at every level: fidelity
[0m[2m---------------------------
[0m[2mCalculating...
[0mCore 1:
    Noise rate: [ 2.  1.]
    sample = 0
    Runtime: 1.62475 seconds.
[92m 	Metrics[0m
[92m 	xxxxxxxxxxxxxxx[0m
[92m	Level     [0m[92m fidelity            [0m
	[92m0         [0m[92m 0.349003            [0m
	[92m1         [0m[92m 0.509145            [0m
	[92m2         [0m[92m 0.18105             [0m
	[92m3         [0m[92m 0.53238             [0m
[92m xxxxxxxxxxxxxxx
[0m[92mAverage logical channels[0m
	[92mLevel 0
[[ 1.0  0.0  0.0  0.092765819]
 [ 0.0  0.98744551  0.0  0.0]
 [ 0.0  0.0  0.31454816  0.0]
 [-0.092765819  0.0  0.0  0.30199367]]
	--------[0m
	[92mLevel 1
[[ 1.0  0.0  0.0  2.5761502e-06]
 [ 0.0  0.93878405  0.0  0.0]
 [ 0.0  0.0  0.54080554  0.0]
 [ 6.8697338e-06  0.0  0.0 -0.51616834]]
	--------[0m
	[92mLevel 2
[[ 1.0  0.0  0.0 -2.1598934e-21]
 [ 0.0  0.779553  0.0  0.0]
 [ 0.0  0.0  0.75318474  0.0]
 [-3.1112933e-23  0.0  0.0  0.74306319]]
	--------[0m
	[92mLevel 3
[[ 1.0  0.0  0.0 -1.9400195e-21]
 [ 0.0  0.56664116  0.0  0.0]
 [ 0.0  0.0  0.068995512  0.0]
 [ 2.8486698e-23  0.0  0.0  0.2348436]]
	--------[0m
[92m*******************[0m
[92m************** Finished batch **************[0m
[92m************** Finished all batches **************[0m
[2mCode: 5qc X 5qc X 5qc
[0m[2mChannel: Photon Loss channel
[0m[2mNoise rates: [[ 2.   1.5]]
[0m[2mSamples: [ 0.]
[0m[2mImportance: 0
[0m[2mDecoder: 0
[0m[2mConcatenation levels: 3
[0m[2mDecoding trials per level: 1000
[0m[2mMetrics to be computed at every level: fidelity
[0m[2m---------------------------
[0m[2mCalculating...
[0mCore 1:
    Noise rate: [ 2.   1.5]
    sample = 0
    Runtime: 1.62142 seconds.
[92m 	Metrics[0m
[92m 	xxxxxxxxxxxxxxx[0m
[92m	Level     [0m[92m fidelity            [0m
	[92m0         [0m[92m 0.461945            [0m
	[92m1         [0m[92m 0.500089            [0m
	[92m2         [0m[92m 0.350728            [0m
	[92m3         [0m[92m 0.503232            [0m
[92m xxxxxxxxxxxxxxx
[0m[92mAverage logical channels[0m
	[92mLevel 0
[[ 1.0  0.0  0.0  0.010262224]
 [ 0.0  0.999886  0.0  0.0]
 [ 0.0  0.0  0.076224048  0.0]
 [-0.010262224  0.0  0.0  0.076110045]]
	--------[0m
	[92mLevel 1
[[ 1.0  0.0  0.0  4.2681403e-11]
 [ 0.0  0.99943011  0.0  0.0]
 [ 0.0  0.0  0.1423366  0.0]
 [ 1.1381707e-10  0.0  0.0 -0.14212206]]
	--------[0m
	[92mLevel 2
[[ 1.0  0.0  0.0 -1.4345681e-21]
 [ 0.0  0.99715221  0.0  0.0]
 [ 0.0  0.0  0.30019765  0.0]
 [ 1.7956461e-23  0.0  0.0  0.29973671]]
	--------[0m
	[92mLevel 3
[[ 1.0  0.0  0.0 -1.8650376e-21]
 [ 0.0  0.98578978  0.0  0.0]
 [ 0.0  0.0  0.51862686  0.0]
 [-1.5163662e-24  0.0  0.0 -0.51734585]]
	--------[0m
[92m*******************[0m
[92m************** Finished batch **************[0m
[92m************** Finished all batches **************[0m
[2mCode: 5qc X 5qc X 5qc
[0m[2mChannel: Photon Loss channel
[0m[2mNoise rates: [[ 2.  2.]]
[0m[2mSamples: [ 0.]
[0m[2mImportance: 0
[0m[2mDecoder: 0
[0m[2mConcatenation levels: 3
[0m[2mDecoding trials per level: 1000
[0m[2mMetrics to be computed at every level: fidelity
[0m[2m---------------------------
[0m[2mCalculating...
[0mCore 1:
    Noise rate: [ 2.  2.]
    sample = 0
    Runtime: 1.61452 seconds.
[92m 	Metrics[0m
[92m 	xxxxxxxxxxxxxxx[0m
[92m	Level     [0m[92m fidelity            [0m
	[92m0         [0m[92m 0.494852            [0m
	[92m1         [0m[92m 0.5                 [0m
	[92m2         [0m[92m 0.479386            [0m
	[92m3         [0m[92m 0.500003            [0m
[92m xxxxxxxxxxxxxxx
[0m[92mAverage logical channels[0m
	[92mLevel 0
[[ 1.0  0.0  0.0  0.00033200849]
 [ 0.0  0.99999989  0.0  0.0]
 [ 0.0  0.0  0.010296651  0.0]
 [-0.00033200849  0.0  0.0  0.01029654]]
	--------[0m
	[92mLevel 1
[[ 1.0  0.0  0.0  1.5046447e-18]
 [ 0.0  0.99999944  0.0  0.0]
 [ 0.0  0.0  0.019304852  0.0]
 [ 4.011548e-18  0.0  0.0 -0.019304643]]
	--------[0m
	[92mLevel 2
[[ 1.0  0.0  0.0 -1.0155091e-21]
 [ 0.0  0.99999722  0.0  0.0]
 [ 0.0  0.0  0.041229909  0.0]
 [ 0.0  0.0  0.0  0.041229463]]
	--------[0m
	[92mLevel 3
[[ 1.0  0.0  0.0 -1.4383744e-21]
 [ 0.0  0.99998608  0.0  0.0]
 [ 0.0  0.0  0.089000688  0.0]
 [ 0.0  0.0  0.0 -0.088999724]]
	--------[0m
[92m*******************[0m
[92m************** Finished batch **************[0m
[92m************** Finished all batches **************[0m
[2mCode: 5qc X 5qc X 5qc
[0m[2mChannel: Photon Loss channel
[0m[2mNoise rates: [[ 2.   2.5]]
[0m[2mSamples: [ 0.]
[0m[2mImportance: 0
[0m[2mDecoder: 0
[0m[2mConcatenation levels: 3
[0m[2mDecoding trials per level: 1000
[0m[2mMetrics to be computed at every level: fidelity
[0m[2m---------------------------
[0m[2mCalculating...
[0mCore 1:
    Noise rate: [ 2.   2.5]
    sample = 0
    Runtime: 0.477247 seconds.
[92m 	Metrics[0m
[92m 	xxxxxxxxxxxxxxx[0m
[92m	Level     [0m[92m fidelity            [0m
	[92m0         [0m[92m 0.499608            [0m
	[92m1         [0m[92m 0.5                 [0m
	[92m2         [0m[92m 0.498424            [0m
	[92m3         [0m[92m 0.5                 [0m
[92m xxxxxxxxxxxxxxx
[0m[92mAverage logical channels[0m
	[92mLevel 0
[[ 1.0  0.0  0.0  3.723728e-06]
 [ 0.0  1.0  0.0  0.0]
 [ 0.0  0.0  0.00078494199  0.0]
 [-3.723728e-06  0.0  0.0  0.00078494198]]
	--------[0m
	[92mLevel 1
[[ 1.0  0.0  0.0  3.3881255e-21]
 [ 0.0  1.0  0.0  0.0]
 [ 0.0  0.0  0.0014717656  0.0]
 [ 0.0  0.0  0.0 -0.0014717656]]
	--------[0m
	[92mLevel 2
[[ 1.0  0.0  0.0 -1.6083369e-21]
 [ 0.0  1.0  0.0  0.0]
 [ 0.0  0.0  0.0031515109  0.0]
 [ 0.0  0.0  0.0  0.0031515108]]
	--------[0m
	[92mLevel 3
[[ 1.0  0.0  0.0 -1.6288383e-21]
 [ 0.0  1.0  0.0  0.0]
 [ 0.0  0.0  0.0070197924  0.0]
 [ 0.0  0.0  0.0 -0.0070197923]]
	--------[0m
[92m*******************[0m
[92m************** Finished batch **************[0m
[92m************** Finished all batches **************[0m
[2mCode: 5qc X 5qc X 5qc
[0m[2mChannel: Photon Loss channel
[0m[2mNoise rates: [[ 2.  3.]]
[0m[2mSamples: [ 0.]
[0m[2mImportance: 0
[0m[2mDecoder: 0
[0m[2mConcatenation levels: 3
[0m[2mDecoding trials per level: 1000
[0m[2mMetrics to be computed at every level: fidelity
[0m[2m---------------------------
[0m[2mCalculating...
[0mCore 1:
    Noise rate: [ 2.  3.]
    sample = 0
    Runtime: 0.474872 seconds.
[92m 	Metrics[0m
[92m 	xxxxxxxxxxxxxxx[0m
[92m	Level     [0m[92m fidelity            [0m
	[92m0         [0m[92m 0.499983            [0m
	[92m1         [0m[92m 0.5                 [0m
	[92m2         [0m[92m 0.499932            [0m
	[92m3         [0m[92m 0.5                 [0m
[92m xxxxxxxxxxxxxxx
[0m[92mAverage logical channels[0m
	[92mLevel 0
[[ 1.0  0.0  0.0  1.5229465e-08]
 [ 0.0  1.0  0.0  0.0]
 [ 0.0  0.0  3.3772724e-05  0.0]
 [-1.5229465e-08  0.0  0.0  3.3772724e-05]]
	--------[0m
	[92mLevel 1
[[ 1.0  0.0  0.0  5.0821977e-21]
 [ 0.0  1.0  0.0  0.0]
 [ 0.0  0.0  6.3323858e-05  0.0]
 [ 0.0  0.0  0.0 -6.3323858e-05]]
	--------[0m
	[92mLevel 2
[[ 1.0  0.0  0.0 -3.1987352e-21]
 [ 0.0  1.0  0.0  0.0]
 [ 0.0  0.0  0.00013559664  0.0]
 [ 0.0  0.0  0.0  0.00013559664]]
	--------[0m
	[92mLevel 3
[[ 1.0  0.0  0.0 -1.9989977e-21]
 [ 0.0  1.0  0.0  0.0]
 [ 0.0  0.0  0.0003020379  0.0]
 [ 0.0  0.0  0.0 -0.0003020379]]
	--------[0m
[92m*******************[0m
[92m************** Finished batch **************[0m
[92m************** Finished all batches **************[0m
[2mCode: 5qc X 5qc X 5qc
[0m[2mChannel: Photon Loss channel
[0m[2mNoise rates: [[ 3.   0.5]]
[0m[2mSamples: [ 0.]
[0m[2mImportance: 0
[0m[2mDecoder: 0
[0m[2mConcatenation levels: 3
[0m[2mDecoding trials per level: 1000
[0m[2mMetrics to be computed at every level: fidelity
[0m[2m---------------------------
[0m[2mCalculating...
[0mCore 1:
    Noise rate: [ 3.   0.5]
    sample = 0
    Runtime: 1.62898 seconds.
[92m 	Metrics[0m
[92m 	xxxxxxxxxxxxxxx[0m
[92m	Level     [0m[92m fidelity            [0m
	[92m0         [0m[92m 0.154649            [0m
	[92m1         [0m[92m 0.508613            [0m
	[92m2         [0m[92m 0.073172            [0m
	[92m3         [0m[92m 0.501379            [0m
[92m xxxxxxxxxxxxxxx
[0m[92mAverage logical channels[0m
	[92mLevel 0
[[ 1.0  0.0  0.0  0.13714591]
 [ 0.0  0.9168168  0.0  0.0]
 [ 0.0  0.0  0.77388462  0.0]
 [-0.13714591  0.0  0.0  0.69070142]]
	--------[0m
	[92mLevel 1
[[ 1.0  0.0  0.0 -1.2129819e-05]
 [ 0.0  0.86967687  0.0  0.0]
 [ 0.0  0.0  0.86473156  0.0]
 [ 4.8519274e-05  0.0  0.0 -0.76885995]]
	--------[0m
	[92mLevel 2
[[ 1.0  0.0  0.0 -1.1800722e-21]
 [ 0.0  0.91983088  0.0  0.0]
 [ 0.0  0.0  0.89330811  0.0]
 [-2.5984356e-23  0.0  0.0  0.89417295]]
	--------[0m
	[92mLevel 3
[[ 1.0  0.0  0.0 -2.5930216e-21]
 [ 0.0  0.65655053  0.0  0.0]
 [ 0.0  0.0  0.097607923  0.0]
 [-2.441913e-24  0.0  0.0  0.24032649]]
	--------[0m
[92m*******************[0m
[92m************** Finished batch **************[0m
[92m************** Finished all batches **************[0m
[2mCode: 5qc X 5qc X 5qc
[0m[2mChannel: Photon Loss channel
[0m[2mNoise rates: [[ 3.  1.]]
[0m[2mSamples: [ 0.]
[0m[2mImportance: 0
[0m[2mDecoder: 0
[0m[2mConcatenation levels: 3
[0m[2mDecoding trials per level: 1000
[0m[2mMetrics to be computed at every level: fidelity
[0m[2m---------------------------
[0m[2mCalculating...
[0mCore 1:
    Noise rate: [ 3.  1.]
    sample = 0
    Runtime: 1.61606 seconds.
[92m 	Metrics[0m
[92m 	xxxxxxxxxxxxxxx[0m
[92m	Level     [0m[92m fidelity            [0m
	[92m0         [0m[92m 0.25303             [0m
	[92m1         [0m[92m 0.506019            [0m
	[92m2         [0m[92m 0.0586162           [0m
	[92m3         [0m[92m 0.500851            [0m
[92m xxxxxxxxxxxxxxx
[0m[92mAverage logical channels[0m
	[92mLevel 0
[[ 1.0  0.0  0.0  0.067256067]
 [ 0.0  0.99089788  0.0  0.0]
 [ 0.0  0.0  0.50304115  0.0]
 [-0.067256067  0.0  0.0  0.49393903]]
	--------[0m
	[92mLevel 1
[[ 1.0  0.0  0.0  5.1604621e-07]
 [ 0.0  0.95531038  0.0  0.0]
 [ 0.0  0.0  0.78616723  0.0]
 [ 1.3761232e-06  0.0  0.0 -0.76555461]]
	--------[0m
	[92mLevel 2
[[ 1.0  0.0  0.0 -2.0831301e-21]
 [ 0.0  0.92914187  0.0  0.0]
 [ 0.0  0.0  0.91884203  0.0]
 [-1.2528095e-23  0.0  0.0  0.91755136]]
	--------[0m
	[92mLevel 3
[[ 1.0  0.0  0.0 -2.4480001e-21]
 [ 0.0  0.66649987  0.0  0.0]
 [ 0.0  0.0  0.12064819  0.0]
 [-6.9148765e-23  0.0  0.0  0.20944695]]
	--------[0m
[92m*******************[0m
[92m************** Finished batch **************[0m
[92m************** Finished all batches **************[0m
[2mCode: 5qc X 5qc X 5qc
[0m[2mChannel: Photon Loss channel
[0m[2mNoise rates: [[ 3.   1.5]]
[0m[2mSamples: [ 0.]
[0m[2mImportance: 0
[0m[2mDecoder: 0
[0m[2mConcatenation levels: 3
[0m[2mDecoding trials per level: 1000
[0m[2mMetrics to be computed at every level: fidelity
[0m[2m---------------------------
[0m[2mCalculating...
[0mCore 1:
    Noise rate: [ 3.   1.5]
    sample = 0
    Runtime: 1.62198 seconds.
[92m 	Metrics[0m
[92m 	xxxxxxxxxxxxxxx[0m
[92m	Level     [0m[92m fidelity            [0m
	[92m0         [0m[92m 0.391288            [0m
	[92m1         [0m[92m 0.500074            [0m
	[92m2         [0m[92m 0.132695            [0m
	[92m3         [0m[92m 0.501037            [0m
[92m xxxxxxxxxxxxxxx
[0m[92mAverage logical channels[0m
	[92mLevel 0
[[ 1.0  0.0  0.0  0.0086925579]
 [ 0.0  0.99990343  0.0  0.0]
 [ 0.0  0.0  0.21752087  0.0]
 [-0.0086925579  0.0  0.0  0.21742431]]
	--------[0m
	[92mLevel 1
[[ 1.0  0.0  0.0  1.8610979e-11]
 [ 0.0  0.99951727  0.0  0.0]
 [ 0.0  0.0  0.39510306  0.0]
 [ 4.9629278e-11  0.0  0.0 -0.39491592]]
	--------[0m
	[92mLevel 2
[[ 1.0  0.0  0.0 -2.1477301e-21]
 [ 0.0  0.99760132  0.0  0.0]
 [ 0.0  0.0  0.73600873  0.0]
 [ 4.6809774e-24  0.0  0.0  0.73560957]]
	--------[0m
	[92mLevel 3
[[ 1.0  0.0  0.0 -2.012303e-21]
 [ 0.0  0.13539607  0.0  0.0]
 [ 0.0  0.0  0.040799959  0.0]
 [ 6.5275645e-24  0.0  0.0  0.81965772]]
	--------[0m
[92m*******************[0m
[92m************** Finished batch **************[0m
[92m************** Finished all batches **************[0m
[2mCode: 5qc X 5qc X 5qc
[0m[2mChannel: Photon Loss channel
[0m[2mNoise rates: [[ 3.  2.]]
[0m[2mSamples: [ 0.]
[0m[2mImportance: 0
[0m[2mDecoder: 0
[0m[2mConcatenation levels: 3
[0m[2mDecoding trials per level: 1000
[0m[2mMetrics to be computed at every level: fidelity
[0m[2m---------------------------
[0m[2mCalculating...
[0mCore 1:
    Noise rate: [ 3.  2.]
    sample = 0
    Runtime: 1.62331 seconds.
[92m 	Metrics[0m
[92m 	xxxxxxxxxxxxxxx[0m
[92m	Level     [0m[92m fidelity            [0m
	[92m0         [0m[92m 0.46679             [0m
	[92m1         [0m[92m 0.5                 [0m
	[92m2         [0m[92m 0.368288            [0m
	[92m3         [0m[92m 0.500003            [0m
[92m xxxxxxxxxxxxxxx
[0m[92mAverage logical channels[0m
	[92mLevel 0
[[ 1.0  0.0  0.0  0.00031318122]
 [ 0.0  0.99999989  0.0  0.0]
 [ 0.0  0.0  0.066419929  0.0]
 [-0.00031318122  0.0  0.0  0.066419824]]
	--------[0m
	[92mLevel 1
[[ 1.0  0.0  0.0  1.1358447e-18]
 [ 0.0  0.99999947  0.0  0.0]
 [ 0.0  0.0  0.12417155  0.0]
 [ 3.0360527e-18  0.0  0.0 -0.12417136]]
	--------[0m
	[92mLevel 2
[[ 1.0  0.0  0.0 -1.311014e-21]
 [ 0.0  0.99999737  0.0  0.0]
 [ 0.0  0.0  0.26342565  0.0]
 [-7.0049372e-24  0.0  0.0  0.26342522]]
	--------[0m
	[92mLevel 3
[[ 1.0  0.0  0.0 -1.8242731e-21]
 [ 0.0  0.99998688  0.0  0.0]
 [ 0.0  0.0  0.48969937  0.0]
 [ 4.4091636e-23  0.0  0.0 -0.4896983]]
	--------[0m
[92m*******************[0m
[92m************** Finished batch **************[0m
[92m************** Finished all batches **************[0m
[2mCode: 5qc X 5qc X 5qc
[0m[2mChannel: Photon Loss channel
[0m[2mNoise rates: [[ 3.   2.5]]
[0m[2mSamples: [ 0.]
[0m[2mImportance: 0
[0m[2mDecoder: 0
[0m[2mConcatenation levels: 3
[0m[2mDecoding trials per level: 1000
[0m[2mMetrics to be computed at every level: fidelity
[0m[2m---------------------------
[0m[2mCalculating...
[0mCore 1:
    Noise rate: [ 3.   2.5]
    sample = 0
    Runtime: 0.473307 seconds.
[92m 	Metrics[0m
[92m 	xxxxxxxxxxxxxxx[0m
[92m	Level     [0m[92m fidelity            [0m
	[92m0         [0m[92m 0.492775            [0m
	[92m1         [0m[92m 0.5                 [0m
	[92m2         [0m[92m 0.470984            [0m
	[92m3         [0m[92m 0.5                 [0m
[92m xxxxxxxxxxxxxxx
[0m[92mAverage logical channels[0m
	[92mLevel 0
[[ 1.0  0.0  0.0  3.6728063e-06]
 [ 0.0  1.0  0.0  0.0]
 [ 0.0  0.0  0.014449118  0.0]
 [-3.6728063e-06  0.0  0.0  0.014449118]]
	--------[0m
	[92mLevel 1
[[ 1.0  0.0  0.0 -9.3155946e-21]
 [ 0.0  1.0  0.0  0.0]
 [ 0.0  0.0  0.027088326  0.0]
 [ 0.0  0.0  0.0 -0.027088325]]
	--------[0m
	[92mLevel 2
[[ 1.0  0.0  0.0 -1.9156165e-21]
 [ 0.0  1.0  0.0  0.0]
 [ 0.0  0.0  0.058032905  0.0]
 [ 0.0  0.0  0.0  0.058032905]]
	--------[0m
	[92mLevel 3
[[ 1.0  0.0  0.0 -1.3622648e-21]
 [ 0.0  1.0  0.0  0.0]
 [ 0.0  0.0  0.12918847  0.0]
 [ 2.3709036e-24  0.0  0.0 -0.12918847]]
	--------[0m
[92m*******************[0m
[92m************** Finished batch **************[0m
[92m************** Finished all batches **************[0m
[2mCode: 5qc X 5qc X 5qc
[0m[2mChannel: Photon Loss channel
[0m[2mNoise rates: [[ 3.  3.]]
[0m[2mSamples: [ 0.]
[0m[2mImportance: 0
[0m[2mDecoder: 0
[0m[2mConcatenation levels: 3
[0m[2mDecoding trials per level: 1000
[0m[2mMetrics to be computed at every level: fidelity
[0m[2m---------------------------
[0m[2mCalculating...
[0mCore 1:
    Noise rate: [ 3.  3.]
    sample = 0
    Runtime: 0.466945 seconds.
[92m 	Metrics[0m
[92m 	xxxxxxxxxxxxxxx[0m
[92m	Level     [0m[92m fidelity            [0m
	[92m0         [0m[92m 0.49888             [0m
	[92m1         [0m[92m 0.5                 [0m
	[92m2         [0m[92m 0.495476            [0m
	[92m3         [0m[92m 0.5                 [0m
[92m xxxxxxxxxxxxxxx
[0m[92mAverage logical channels[0m
	[92mLevel 0
[[ 1.0  0.0  0.0  1.5195871e-08]
 [ 0.0  1.0  0.0  0.0]
 [ 0.0  0.0  0.0022396055  0.0]
 [-1.5195871e-08  0.0  0.0  0.0022396055]]
	--------[0m
	[92mLevel 1
[[ 1.0  0.0  0.0  8.4702445e-21]
 [ 0.0  1.0  0.0  0.0]
 [ 0.0  0.0  0.0041992462  0.0]
 [ 0.0  0.0  0.0 -0.0041992462]]
	--------[0m
	[92mLevel 2
[[ 1.0  0.0  0.0  4.7156762e-22]
 [ 0.0  1.0  0.0  0.0]
 [ 0.0  0.0  0.0090475081  0.0]
 [ 0.0  0.0  0.0  0.0090475081]]
	--------[0m
	[92mLevel 3
[[ 1.0  0.0  0.0 -1.7092425e-21]
 [ 0.0  1.0  0.0  0.0]
 [ 0.0  0.0  0.020224164  0.0]
 [ 0.0  0.0  0.0 -0.020224164]]
	--------[0m
[92m*******************[0m
[92m************** Finished batch **************[0m
[92m************** Finished all batches **************[0m
[2mCode: 5qc X 5qc X 5qc
[0m[2mChannel: Photon Loss channel
[0m[2mNoise rates: [[ 4.   0.5]]
[0m[2mSamples: [ 0.]
[0m[2mImportance: 0
[0m[2mDecoder: 0
[0m[2mConcatenation levels: 3
[0m[2mDecoding trials per level: 1000
[0m[2mMetrics to be computed at every level: fidelity
[0m[2m---------------------------
[0m[2mCalculating...
[0mCore 1:
    Noise rate: [ 4.   0.5]
    sample = 0
    Runtime: 1.62713 seconds.
[92m 	Metrics[0m
[92m 	xxxxxxxxxxxxxxx[0m
[92m	Level     [0m[92m fidelity            [0m
	[92m0         [0m[92m 0.102112            [0m
	[92m1         [0m[92m 0.502723            [0m
	[92m2         [0m[92m 0.0154774           [0m
	[92m3         [0m[92m 0.500003            [0m
[92m xxxxxxxxxxxxxxx
[0m[92mAverage logical channels[0m
	[92mLevel 0
[[ 1.0  0.0  0.0  0.090554415]
 [ 0.0  0.94507597  0.0  0.0]
 [ 0.0  0.0  0.85070101  0.0]
 [-0.090554415  0.0  0.0  0.79577698]]
	--------[0m
	[92mLevel 1
[[ 1.0  0.0  0.0 -1.5222576e-06]
 [ 0.0  0.938153  0.0  0.0]
 [ 0.0  0.0  0.93653414  0.0]
 [ 6.0890304e-06  0.0  0.0 -0.88557818]]
	--------[0m
	[92mLevel 2
[[ 1.0  0.0  0.0 -2.2926236e-21]
 [ 0.0  0.98382555  0.0  0.0]
 [ 0.0  0.0  0.97671084  0.0]
 [-2.4431964e-24  0.0  0.0  0.97755421]]
	--------[0m
	[92mLevel 3
[[ 1.0  0.0  0.0 -2.8226696e-21]
 [ 0.0  0.68731079  0.0  0.0]
 [ 0.0  0.0  0.10669628  0.0]
 [ 1.4374403e-22  0.0  0.0  0.20598269]]
	--------[0m
[92m*******************[0m
[92m************** Finished batch **************[0m
[92m************** Finished all batches **************[0m
[2mCode: 5qc X 5qc X 5qc
[0m[2mChannel: Photon Loss channel
[0m[2mNoise rates: [[ 4.  1.]]
[0m[2mSamples: [ 0.]
[0m[2mImportance: 0
[0m[2mDecoder: 0
[0m[2mConcatenation levels: 3
[0m[2mDecoding trials per level: 1000
[0m[2mMetrics to be computed at every level: fidelity
[0m[2m---------------------------
[0m[2mCalculating...
[0mCore 1:
    Noise rate: [ 4.  1.]
    sample = 0
    Runtime: 1.61754 seconds.
[92m 	Metrics[0m
[92m 	xxxxxxxxxxxxxxx[0m
[92m	Level     [0m[92m fidelity            [0m
	[92m0         [0m[92m 0.17702             [0m
	[92m1         [0m[92m 0.503549            [0m
	[92m2         [0m[92m 0.0118725           [0m
	[92m3         [0m[92m 0.500002            [0m
[92m xxxxxxxxxxxxxxx
[0m[92mAverage logical channels[0m
	[92mLevel 0
[[ 1.0  0.0  0.0  0.047052179]
 [ 0.0  0.99363218  0.0  0.0]
 [ 0.0  0.0  0.65232881  0.0]
 [-0.047052179  0.0  0.0  0.64596099]]
	--------[0m
	[92mLevel 1
[[ 1.0  0.0  0.0  8.6482849e-08]
 [ 0.0  0.96872493  0.0  0.0]
 [ 0.0  0.0  0.91364052  0.0]
 [ 2.3062093e-07  0.0  0.0 -0.89656055]]
	--------[0m
	[92mLevel 2
[[ 1.0  0.0  0.0 -2.2139143e-21]
 [ 0.0  0.98674208  0.0  0.0]
 [ 0.0  0.0  0.98285568  0.0]
 [ 2.6386269e-24  0.0  0.0  0.98291225]]
	--------[0m
	[92mLevel 3
[[ 1.0  0.0  0.0 -2.6102938e-21]
 [ 0.0  0.71619512  0.0  0.0]
 [ 0.0  0.0  0.20282936  0.0]
 [ 4.72892e-22  0.0  0.0  0.080967369]]
	--------[0m
[92m*******************[0m
[92m************** Finished batch **************[0m
[92m************** Finished all batches **************[0m
[2mCode: 5qc X 5qc X 5qc
[0m[2mChannel: Photon Loss channel
[0m[2mNoise rates: [[ 4.   1.5]]
[0m[2mSamples: [ 0.]
[0m[2mImportance: 0
[0m[2mDecoder: 0
[0m[2mConcatenation levels: 3
[0m[2mDecoding trials per level: 1000
[0m[2mMetrics to be computed at every level: fidelity
[0m[2m---------------------------
[0m[2mCalculating...
[0mCore 1:
    Noise rate: [ 4.   1.5]
    sample = 0
    Runtime: 1.62743 seconds.
[92m 	Metrics[0m
[92m 	xxxxxxxxxxxxxxx[0m
[92m	Level     [0m[92m fidelity            [0m
	[92m0         [0m[92m 0.30607             [0m
	[92m1         [0m[92m 0.500055            [0m
	[92m2         [0m[92m 0.0213715           [0m
	[92m3         [0m[92m 0.500007            [0m
[92m xxxxxxxxxxxxxxx
[0m[92mAverage logical channels[0m
	[92mLevel 0
[[ 1.0  0.0  0.0  0.0067994252]
 [ 0.0  0.99992447  0.0  0.0]
 [ 0.0  0.0  0.38793525  0.0]
 [-0.0067994252  0.0  0.0  0.38785971]]
	--------[0m
	[92mLevel 1
[[ 1.0  0.0  0.0  5.449947e-12]
 [ 0.0  0.99962238  0.0  0.0]
 [ 0.0  0.0  0.65762013  0.0]
 [ 1.4533192e-11  0.0  0.0 -0.65746111]]
	--------[0m
	[92mLevel 2
[[ 1.0  0.0  0.0 -1.7232183e-21]
 [ 0.0  0.99813873  0.0  0.0]
 [ 0.0  0.0  0.95834214  0.0]
 [-4.2769849e-24  0.0  0.0  0.95803304]]
	--------[0m
	[92mLevel 3
[[ 1.0  0.0  0.0 -3.1765453e-21]
 [ 0.0  0.36295029  0.0  0.0]
 [ 0.0  0.0  0.23024786  0.0]
 [-2.6979648e-22  0.0  0.0  0.40677571]]
	--------[0m
[92m*******************[0m
[92m************** Finished batch **************[0m
[92m************** Finished all batches **************[0m
[2mCode: 5qc X 5qc X 5qc
[0m[2mChannel: Photon Loss channel
[0m[2mNoise rates: [[ 4.  2.]]
[0m[2mSamples: [ 0.]
[0m[2mImportance: 0
[0m[2mDecoder: 0
[0m[2mConcatenation levels: 3
[0m[2mDecoding trials per level: 1000
[0m[2mMetrics to be computed at every level: fidelity
[0m[2m---------------------------
[0m[2mCalculating...
[0mCore 1:
    Noise rate: [ 4.  2.]
    sample = 0
    Runtime: 1.62172 seconds.
[92m 	Metrics[0m
[92m 	xxxxxxxxxxxxxxx[0m
[92m	Level     [0m[92m fidelity            [0m
	[92m0         [0m[92m 0.407118            [0m
	[92m1         [0m[92m 0.5                 [0m
	[92m2         [0m[92m 0.172287            [0m
	[92m3         [0m[92m 0.500002            [0m
[92m xxxxxxxxxxxxxxx
[0m[92mAverage logical channels[0m
	[92mLevel 0
[[ 1.0  0.0  0.0  0.00027314545]
 [ 0.0  0.99999991  0.0  0.0]
 [ 0.0  0.0  0.18576487  0.0]
 [-0.00027314545  0.0  0.0  0.18576478]]
	--------[0m
	[92mLevel 1
[[ 1.0  0.0  0.0  5.6405337e-19]
 [ 0.0  0.99999954  0.0  0.0]
 [ 0.0  0.0  0.34037894  0.0]
 [ 1.5202165e-18  0.0  0.0 -0.34037876]]
	--------[0m
	[92mLevel 2
[[ 1.0  0.0  0.0 -1.9721509e-21]
 [ 0.0  0.9999977  0.0  0.0]
 [ 0.0  0.0  0.65542783  0.0]
 [-6.3266435e-23  0.0  0.0  0.65542746]]
	--------[0m
	[92mLevel 3
[[ 1.0  0.0  0.0 -1.7904768e-21]
 [ 0.0  0.99908845  0.0  0.0]
 [ 0.0  0.0  0.50227522  0.0]
 [ 6.9367912e-24  0.0  0.0 -0.50137047]]
	--------[0m
[92m*******************[0m
[92m************** Finished batch **************[0m
[92m************** Finished all batches **************[0m
[2mCode: 5qc X 5qc X 5qc
[0m[2mChannel: Photon Loss channel
[0m[2mNoise rates: [[ 4.   2.5]]
[0m[2mSamples: [ 0.]
[0m[2mImportance: 0
[0m[2mDecoder: 0
[0m[2mConcatenation levels: 3
[0m[2mDecoding trials per level: 1000
[0m[2mMetrics to be computed at every level: fidelity
[0m[2m---------------------------
[0m[2mCalculating...
[0mCore 1:
    Noise rate: [ 4.   2.5]
    sample = 0
    Runtime: 0.479718 seconds.
[92m 	Metrics[0m
[92m 	xxxxxxxxxxxxxxx[0m
[92m	Level     [0m[92m fidelity            [0m
	[92m0         [0m[92m 0.463965            [0m
	[92m1         [0m[92m 0.5                 [0m
	[92m2         [0m[92m 0.357664            [0m
	[92m3         [0m[92m 0.5                 [0m
[92m xxxxxxxxxxxxxxx
[0m[92mAverage logical channels[0m
	[92mLevel 0
[[ 1.0  0.0  0.0  3.4580726e-06]
 [ 0.0  1.0  0.0  0.0]
 [ 0.0  0.0  0.072070193  0.0]
 [-3.4580726e-06  0.0  0.0  0.072070193]]
	--------[0m
	[92mLevel 1
[[ 1.0  0.0  0.0 -9.3437371e-21]
 [ 0.0  1.0  0.0  0.0]
 [ 0.0  0.0  0.13466441  0.0]
 [ 0.0  0.0  0.0 -0.13466441]]
	--------[0m
	[92mLevel 2
[[ 1.0  0.0  0.0 -1.2497102e-21]
 [ 0.0  1.0  0.0  0.0]
 [ 0.0  0.0  0.28467173  0.0]
 [ 5.4021309e-23  0.0  0.0  0.28467173]]
	--------[0m
	[92mLevel 3
[[ 1.0  0.0  0.0 -1.8805202e-21]
 [ 0.0  1.0  0.0  0.0]
 [ 0.0  0.0  0.52040889  0.0]
 [ 4.1719819e-23  0.0  0.0 -0.52040889]]
	--------[0m
[92m*******************[0m
[92m************** Finished batch **************[0m
[92m************** Finished all batches **************[0m
[2mCode: 5qc X 5qc X 5qc
[0m[2mChannel: Photon Loss channel
[0m[2mNoise rates: [[ 4.  3.]]
[0m[2mSamples: [ 0.]
[0m[2mImportance: 0
[0m[2mDecoder: 0
[0m[2mConcatenation levels: 3
[0m[2mDecoding trials per level: 1000
[0m[2mMetrics to be computed at every level: fidelity
[0m[2m---------------------------
[0m[2mCalculating...
[0mCore 1:
    Noise rate: [ 4.  3.]
    sample = 0
    Runtime: 0.478038 seconds.
[92m 	Metrics[0m
[92m 	xxxxxxxxxxxxxxx[0m
[92m	Level     [0m[92m fidelity            [0m
	[92m0         [0m[92m 0.488672            [0m
	[92m1         [0m[92m 0.5                 [0m
	[92m2         [0m[92m 0.454481            [0m
	[92m3         [0m[92m 0.5                 [0m
[92m xxxxxxxxxxxxxxx
[0m[92mAverage logical channels[0m
	[92mLevel 0
[[ 1.0  0.0  0.0  1.4884941e-08]
 [ 0.0  1.0  0.0  0.0]
 [ 0.0  0.0  0.022655215  0.0]
 [-1.4884941e-08  0.0  0.0  0.022655215]]
	--------[0m
	[92mLevel 1
[[ 1.0  0.0  0.0 -7.6276433e-21]
 [ 0.0  1.0  0.0  0.0]
 [ 0.0  0.0  0.042463995  0.0]
 [ 0.0  0.0  0.0 -0.042463995]]
	--------[0m
	[92mLevel 2
[[ 1.0  0.0  0.0 -1.849597e-21]
 [ 0.0  1.0  0.0  0.0]
 [ 0.0  0.0  0.091037624  0.0]
 [ 0.0  0.0  0.0  0.091037624]]
	--------[0m
	[92mLevel 3
[[ 1.0  0.0  0.0 -1.1553857e-21]
 [ 0.0  1.0  0.0  0.0]
 [ 0.0  0.0  0.2032  0.0]
 [ 4.9943839e-24  0.0  0.0 -0.2032]]
	--------[0m
[92m*******************[0m
[92m************** Finished batch **************[0m
[92m************** Finished all batches **************[0m
[2mCode: 5qc X 5qc X 5qc
[0m[2mChannel: Photon Loss channel
[0m[2mNoise rates: [[ 5.   0.5]]
[0m[2mSamples: [ 0.]
[0m[2mImportance: 0
[0m[2mDecoder: 0
[0m[2mConcatenation levels: 3
[0m[2mDecoding trials per level: 1000
[0m[2mMetrics to be computed at every level: fidelity
[0m[2m---------------------------
[0m[2mCalculating...
[0mCore 1:
    Noise rate: [ 5.   0.5]
    sample = 0
    Runtime: 1.62288 seconds.
[92m 	Metrics[0m
[92m 	xxxxxxxxxxxxxxx[0m
[92m	Level     [0m[92m fidelity            [0m
	[92m0         [0m[92m 0.067474            [0m
	[92m1         [0m[92m 0.500834            [0m
	[92m2         [0m[92m 0.00280149          [0m
	[92m3         [0m[92m 0.5                 [0m
[92m xxxxxxxxxxxxxxx
[0m[92mAverage logical channels[0m
	[92mLevel 0
[[ 1.0  0.0  0.0  0.059837234]
 [ 0.0  0.96370688  0.0  0.0]
 [ 0.0  0.0  0.90134508  0.0]
 [-0.059837234  0.0  0.0  0.86505196]]
	--------[0m
	[92mLevel 1
[[ 1.0  0.0  0.0 -1.9177745e-07]
 [ 0.0  0.97146386  0.0  0.0]
 [ 0.0  0.0  0.97095854  0.0]
 [ 7.671098e-07  0.0  0.0 -0.94575755]]
	--------[0m
	[92mLevel 2
[[ 1.0  0.0  0.0 -1.1738871e-21]
 [ 0.0  0.99713248  0.0  0.0]
 [ 0.0  0.0  0.9957243  0.0]
 [ 2.9267951e-24  0.0  0.0  0.99593724]]
	--------[0m
	[92mLevel 3
[[ 1.0  0.0  0.0 -3.4571478e-21]
 [ 0.0  0.73633201  0.0  0.0]
 [ 0.0  0.0 -0.030893186  0.0]
 [ 1.3963594e-21  0.0  0.0  0.29456117]]
	--------[0m
[92m*******************[0m
[92m************** Finished batch **************[0m
[92m************** Finished all batches **************[0m
[2mCode: 5qc X 5qc X 5qc
[0m[2mChannel: Photon Loss channel
[0m[2mNoise rates: [[ 5.  1.]]
[0m[2mSamples: [ 0.]
[0m[2mImportance: 0
[0m[2mDecoder: 0
[0m[2mConcatenation levels: 3
[0m[2mDecoding trials per level: 1000
[0m[2mMetrics to be computed at every level: fidelity
[0m[2m---------------------------
[0m[2mCalculating...
[0mCore 1:
    Noise rate: [ 5.  1.]
    sample = 0
    Runtime: 1.62214 seconds.
[92m 	Metrics[0m
[92m 	xxxxxxxxxxxxxxx[0m
[92m	Level     [0m[92m fidelity            [0m
	[92m0         [0m[92m 0.121241            [0m
	[92m1         [0m[92m 0.501914            [0m
	[92m2         [0m[92m 0.0017638           [0m
	[92m3         [0m[92m 0.5                 [0m
[92m xxxxxxxxxxxxxxx
[0m[92mAverage logical channels[0m
	[92mLevel 0
